90
87
70
67
65
64
61
55
50
48
44
41
39
37
32
27
22
17
15
14
13
15
17
21
22
27
29
30
32
36
39
41
45
48
49
53
56
59
63
65
75
77
79
84
88
90
87
70
67
65
64
61
55
50
48
44
41
39
37
32
27
22
17
15
15
17
21
22
27
29
30
32
36
39
41
45
48
49
53
56
59
63
65
75
77
79
84
88
90
87
70
67
65
64
61
55
50
48
44
41
39
37
32
27
22
17
15
14
13
15
17
21
22
27
29
30
32
36
39
41
45
48
49
53
56
59
63
65
75
77
79
84
88
90
87
70
67
65
64
61
55
50
48
44
41
39
37
32
27
22
17
15
15
17
21
22
27
29
30
32
36
39
41
45
48
49
53
56
59
63
65
75
77
79
84
88